1 9
2 18
3 31
4 48
5 69
6 94
7 123
8 156
9 193
10 234
11 279
12 328
13 381
14 438
15 499
16 564
17 633
18 706
19 783
20 864
21 949
22 1038
23 1131
24 1228
25 1329
26 1434
27 1543
28 1656
29 1773
30 1894
31 2019
32 2148
33 2281
34 2418
35 2559
36 2704
37 2853
38 3006
39 3163
40 3324
41 3489
42 3658
43 3831
44 4008
45 4189
46 4374
47 4563
48 4756
49 4953
50 5154
51 5359
52 5568
53 5781
54 5998
55 6219
56 6444
57 6673
58 6906
59 7143
60 7384
61 7629
62 7878
63 8131
64 8388
65 8649
66 8914
67 9183
68 9456
69 9733
70 10014
71 10299
72 10588
73 10881
74 11178
75 11479
76 11784
77 12093
78 12406
79 12723
80 13044
81 13369
82 13698
83 14031
84 14368
85 14709
86 15054
87 15403
88 15756
89 16113
90 16474
91 16839
92 17208
93 17581
94 17958
95 18339
96 18724
97 19113
98 19506
99 19903
100 20304
101 20709
102 21118
103 21531
104 21948
105 22369
106 22794
107 23223
108 23656
109 24093
110 24534
111 24979
112 25428
113 25881
114 26338
115 26799
116 27264
117 27733
118 28206
119 28683
120 29164
121 29649
122 30138
123 30631
124 31128
125 31629
126 32134
127 32643
128 33156
129 33673
130 34194
131 34719
132 35248
133 35781
134 36318
135 36859
136 37404
137 37953
138 38506
139 39063
140 39624
141 40189
142 40758
143 41331
144 41908
145 42489
146 43074
147 43663
148 44256
149 44853
150 45454
151 46059
152 46668
153 47281
154 47898
155 48519
156 49144
157 49773
158 50406
159 51043
160 51684
161 52329
162 52978
163 53631
164 54288
165 54949
166 55614
167 56283
168 56956
169 57633
170 58314
171 58999
172 59688
173 60381
174 61078
175 61779
176 62484
177 63193
178 63906
179 64623
180 65344
181 66069
182 66798
183 67531
184 68268
185 69009
186 69754
187 70503
188 71256
189 72013
190 72774
191 73539
192 74308
193 75081
194 75858
195 76639
196 77424
197 78213
198 79006
199 79803
200 80604
201 81409
202 82218
203 83031
204 83848
205 84669
206 85494
207 86323
208 87156
209 87993
210 88834
211 89679
212 90528
213 91381
214 92238
215 93099
216 93964
217 94833
218 95706
219 96583
220 97464
221 98349
222 99238
223 100131
224 101028
225 101929
226 102834
227 103743
228 104656
229 105573
230 106494
231 107419
232 108348
233 109281
234 110218
235 111159
236 112104
237 113053
238 114006
239 114963
240 115924
241 116889
242 117858
243 118831
244 119808
245 120789
246 121774
247 122763
248 123756
249 124753
250 125754
251 126759
252 127768
253 128781
254 129798
255 130819
256 131844
257 132873
258 133906
259 134943
260 135984
261 137029
262 138078
263 139131
264 140188
265 141249
266 142314
267 143383
268 144456
269 145533
270 146614
271 147699
272 148788
273 149881
274 150978
275 152079
276 153184
277 154293
278 155406
279 156523
280 157644
281 158769
282 159898
283 161031
284 162168
285 163309
286 164454
287 165603
288 166756
289 167913
290 169074
291 170239
292 171408
293 172581
294 173758
295 174939
296 176124
297 177313
298 178506
299 179703
300 180904
301 182109
302 183318
303 184531
304 185748
305 186969
306 188194
307 189423
308 190656
309 191893
310 193134
311 194379
312 195628
313 196881
314 198138
315 199399
316 200664
317 201933
318 203206
319 204483
320 205764
321 207049
322 208338
323 209631
324 210928
325 212229
326 213534
327 214843
328 216156
329 217473
330 218794
331 220119
332 221448
333 222781
334 224118
335 225459
336 226804
337 228153
338 229506
339 230863
340 232224
341 233589
342 234958
343 236331
344 237708
345 239089
346 240474
347 241863
348 243256
349 244653
350 246054
351 247459
352 248868
353 250281
354 251698
355 253119
356 254544
357 255973
358 257406
359 258843
360 260284
361 261729
362 263178
363 264631
364 266088
365 267549
366 269014
367 270483
368 271956
369 273433
370 274914
371 276399
372 277888
373 279381
374 280878
375 282379
376 283884
377 285393
378 286906
379 288423
380 289944
381 291469
382 292998
383 294531
384 296068
385 297609
386 299154
387 300703
388 302256
389 303813
390 305374
391 306939
392 308508
393 310081
394 311658
395 313239
396 314824
397 316413
398 318006
399 319603
400 321204
401 322809
402 324418
403 326031
404 327648
405 329269
406 330894
407 332523
408 334156
409 335793
410 337434
411 339079
412 340728
413 342381
414 344038
415 345699
416 347364
417 349033
418 350706
419 352383
420 354064
421 355749
422 357438
423 359131
424 360828
425 362529
426 364234
427 365943
428 367656
429 369373
430 371094
431 372819
432 374548
433 376281
434 378018
435 379759
436 381504
437 383253
438 385006
439 386763
440 388524
441 390289
442 392058
443 393831
444 395608
445 397389
446 399174
447 400963
448 402756
449 404553
450 406354
451 408159
452 409968
453 411781
454 413598
455 415419
456 417244
457 419073
458 420906
459 422743
460 424584
461 426429
462 428278
463 430131
464 431988
465 433849
466 435714
467 437583
468 439456
469 441333
470 443214
471 445099
472 446988
473 448881
474 450778
475 452679
476 454584
477 456493
478 458406
479 460323
480 462244
481 464169
482 466098
483 468031
484 469968
485 471909
486 473854
487 475803
488 477756
489 479713
490 481674
491 483639
492 485608
493 487581
494 489558
495 491539
496 493524
497 495513
498 497506
499 499503
500 501504
501 503509
502 505518
503 507531
504 509548
505 511569
506 513594
507 515623
508 517656
509 519693
510 521734
511 523779
512 525828
513 527881
514 529938
515 531999
516 534064
517 536133
518 538206
519 540283
520 542364
521 544449
522 546538
523 548631
524 550728
525 552829
526 554934
527 557043
528 559156
529 561273
530 563394
531 565519
532 567648
533 569781
534 571918
535 574059
536 576204
537 578353
538 580506
539 582663
540 584824
541 586989
542 589158
543 591331
544 593508
545 595689
546 597874
547 600063
548 602256
549 604453
550 606654
551 608859
552 611068
553 613281
554 615498
555 617719
556 619944
557 622173
558 624406
559 626643
560 628884
561 631129
562 633378
563 635631
564 637888
565 640149
566 642414
567 644683
568 646956
569 649233
570 651514
571 653799
572 656088
573 658381
574 660678
575 662979
576 665284
577 667593
578 669906
579 672223
580 674544
581 676869
582 679198
583 681531
584 683868
585 686209
586 688554
587 690903
588 693256
589 695613
590 697974
591 700339
592 702708
593 705081
594 707458
595 709839
596 712224
597 714613
598 717006
599 719403
600 721804
601 724209
602 726618
603 729031
604 731448
605 733869
606 736294
607 738723
608 741156
609 743593
610 746034
611 748479
612 750928
613 753381
614 755838
615 758299
616 760764
617 763233
618 765706
619 768183
620 770664
621 773149
622 775638
623 778131
624 780628
625 783129
626 785634
627 788143
628 790656
629 793173
630 795694
631 798219
632 800748
633 803281
634 805818
635 808359
636 810904
637 813453
638 816006
639 818563
640 821124
641 823689
642 826258
643 828831
644 831408
645 833989
646 836574
647 839163
648 841756
649 844353
650 846954
651 849559
652 852168
653 854781
654 857398
655 860019
656 862644
657 865273
658 867906
659 870543
660 873184
661 875829
662 878478
663 881131
664 883788
665 886449
666 889114
667 891783
668 894456
669 897133
670 899814
671 902499
672 905188
673 907881
674 910578
675 913279
676 915984
677 918693
678 921406
679 924123
680 926844
681 929569
682 932298
683 935031
684 937768
685 940509
686 943254
687 946003
688 948756
689 951513
690 954274
691 957039
692 959808
693 962581
694 965358
695 968139
696 970924
697 973713
698 976506
699 979303
700 982104
701 984909
702 987718
703 990531
704 993348
705 996169
706 998994
707 1001823
708 1004656
709 1007493
710 1010334
711 1013179
712 1016028
713 1018881
714 1021738
715 1024599
716 1027464
717 1030333
718 1033206
719 1036083
720 1038964
721 1041849
722 1044738
723 1047631
724 1050528
725 1053429
726 1056334
727 1059243
728 1062156
729 1065073
730 1067994
731 1070919
732 1073848
733 1076781
734 1079718
735 1082659
736 1085604
737 1088553
738 1091506
739 1094463
740 1097424
741 1100389
742 1103358
743 1106331
744 1109308
745 1112289
746 1115274
747 1118263
748 1121256
749 1124253
750 1127254
751 1130259
752 1133268
753 1136281
754 1139298
755 1142319
756 1145344
757 1148373
758 1151406
759 1154443
760 1157484
761 1160529
762 1163578
763 1166631
764 1169688
765 1172749
766 1175814
767 1178883
768 1181956
769 1185033
770 1188114
771 1191199
772 1194288
773 1197381
774 1200478
775 1203579
776 1206684
777 1209793
778 1212906
779 1216023
780 1219144
781 1222269
782 1225398
783 1228531
784 1231668
785 1234809
786 1237954
787 1241103
788 1244256
789 1247413
790 1250574
791 1253739
792 1256908
793 1260081
794 1263258
795 1266439
796 1269624
797 1272813
798 1276006
799 1279203
800 1282404
801 1285609
802 1288818
803 1292031
804 1295248
805 1298469
806 1301694
807 1304923
808 1308156
809 1311393
810 1314634
811 1317879
812 1321128
813 1324381
814 1327638
815 1330899
816 1334164
817 1337433
818 1340706
819 1343983
820 1347264
821 1350549
822 1353838
823 1357131
824 1360428
825 1363729
826 1367034
827 1370343
828 1373656
829 1376973
830 1380294
831 1383619
832 1386948
833 1390281
834 1393618
835 1396959
836 1400304
837 1403653
838 1407006
839 1410363
840 1413724
841 1417089
842 1420458
843 1423831
844 1427208
845 1430589
846 1433974
847 1437363
848 1440756
849 1444153
850 1447554
851 1450959
852 1454368
853 1457781
854 1461198
855 1464619
856 1468044
857 1471473
858 1474906
859 1478343
860 1481784
861 1485229
862 1488678
863 1492131
864 1495588
865 1499049
866 1502514
867 1505983
868 1509456
869 1512933
870 1516414
871 1519899
872 1523388
873 1526881
874 1530378
875 1533879
876 1537384
877 1540893
878 1544406
879 1547923
880 1551444
881 1554969
882 1558498
883 1562031
884 1565568
885 1569109
886 1572654
887 1576203
888 1579756
889 1583313
890 1586874
891 1590439
892 1594008
893 1597581
894 1601158
895 1604739
896 1608324
897 1611913
898 1615506
899 1619103
900 1622704
901 1626309
902 1629918
903 1633531
904 1637148
905 1640769
906 1644394
907 1648023
908 1651656
909 1655293
910 1658934
911 1662579
912 1666228
913 1669881
914 1673538
915 1677199
916 1680864
917 1684533
918 1688206
919 1691883
920 1695564
921 1699249
922 1702938
923 1706631
924 1710328
925 1714029
926 1717734
927 1721443
928 1725156
929 1728873
930 1732594
931 1736319
932 1740048
933 1743781
934 1747518
935 1751259
936 1755004
937 1758753
938 1762506
939 1766263
940 1770024
941 1773789
942 1777558
943 1781331
944 1785108
945 1788889
946 1792674
947 1796463
948 1800256
949 1804053
950 1807854
951 1811659
952 1815468
953 1819281
954 1823098
955 1826919
956 1830744
957 1834573
958 1838406
959 1842243
960 1846084
961 1849929
962 1853778
963 1857631
964 1861488
965 1865349
966 1869214
967 1873083
968 1876956
969 1880833
970 1884714
971 1888599
972 1892488
973 1896381
974 1900278
975 1904179
976 1908084
977 1911993
978 1915906
979 1919823
980 1923744
981 1927669
982 1931598
983 1935531
984 1939468
985 1943409
986 1947354
987 1951303
988 1955256
989 1959213
990 1963174
991 1967139
992 1971108
993 1975081
994 1979058
995 1983039
996 1987024
997 1991013
998 1995006
999 1999003
1000 2003004
